Data Train
                         count        mean         std         min         25%         50%         75%         max
mean_blood_sugar_level  4088.0  105.631416   44.770689   55.120000   76.990000   91.700000  113.455000  267.760000
body_mass_indicator     3887.0   28.891227    7.810377   10.300000   23.600000   28.100000   33.000000   97.600000
years_old               4088.0   46.604217   26.601858    0.080000   26.000000   47.000000   64.000000  134.000000
analysis_results        3577.0  322.332570  100.733979  104.829714  254.423611  300.145892  361.544518  756.807975
biological_age_index    4088.0  135.314474   50.384262  -15.109456   96.941355  136.710246  173.626165  266.986321

Data Test
                         count        mean         std         min         25%         50%         75%         max
mean_blood_sugar_level  1022.0  108.212720   47.245679   55.460000   78.007500   92.335000  116.105000  271.740000
body_mass_indicator     1022.0   28.900881    8.021939   12.300000   23.200000   28.000000   33.400000   66.800000
years_old               1022.0   46.426458   26.574638    0.080000   26.000000   47.000000   63.000000  132.000000
analysis_results        1022.0  327.691509  104.419300  109.000638  256.716358  304.311795  369.956539  681.993158
biological_age_index    1022.0  132.663383   50.428587   -0.941015   95.088880  134.439148  169.931994  258.723259

Data Full
                         count        mean         std         min         25%         50%         75%         max
mean_blood_sugar_level  5110.0  106.147677   45.283560   55.120000   77.245000   91.885000  114.090000  271.740000
body_mass_indicator     4909.0   28.893237    7.854067   10.300000   23.500000   28.100000   33.100000   97.600000
years_old               5110.0   46.568665   26.593912    0.080000   26.000000   47.000000   63.750000  134.000000
analysis_results        4599.0  323.523446  101.577442  104.829714  254.646209  301.031628  362.822769  756.807975
biological_age_index    5110.0  134.784256   50.399352  -15.109456   96.710581  136.374631  172.507322  266.986321