Data Train
          count           mean            std      min       25%       50%       75%        max
fnl      7999.0  190456.545443  106418.469725  19214.0  118221.0  178353.0  238030.5  1455435.0
hpw      7199.0      40.307404      12.519197      1.0      40.0      40.0      45.0       99.0
gain     7999.0    1005.272659    7164.778566      0.0       0.0       0.0       0.0    99999.0
edu_int  7999.0      13.975247      23.867180      1.0       9.0      10.0      13.0      205.0
years    7999.0      38.722465      13.708618     17.0      28.0      37.0      48.0       90.0
loss     7999.0      77.485436     378.352748      0.0       0.0       0.0       0.0     3770.0
prod     7999.0    2065.810101   14329.484489    -28.0      42.0      57.0      77.0   200110.0

Data Test
          count         mean            std      min        25%       50%        75%        max
fnl      2000.0  189938.3805  104694.394745  21626.0  118366.25  179429.5  234543.75  1033222.0
hpw      2000.0      40.8080      12.506012      1.0      40.00      40.0      45.00       99.0
gain     2000.0     878.1890    6319.720849      0.0       0.00       0.0       0.00    99999.0
edu_int  2000.0      15.4090      28.073257      1.0       9.00      10.0      13.00      206.0
years    2000.0      38.3445      13.889394     17.0      27.00      37.0      47.25       90.0
loss     2000.0     110.6120     450.475394      0.0       0.00       0.0       0.00     2824.0
prod     2000.0    1811.4230   12639.843777    -28.0      40.75      57.0      77.00   200125.0

Data Full
          count           mean            std      min       25%       50%       75%        max
fnl      9999.0  190352.902090  106070.862686  19214.0  118282.5  178472.0  237311.0  1455435.0
hpw      9199.0      40.416241      12.517356      1.0      40.0      40.0      45.0       99.0
gain     9999.0     979.853385    7003.795382      0.0       0.0       0.0       0.0    99999.0
edu_int  9999.0      14.262026      24.770835      1.0       9.0      10.0      13.0      206.0
years    9999.0      38.646865      13.745101     17.0      28.0      37.0      48.0       90.0
loss     9999.0      84.111411     394.035484      0.0       0.0       0.0       0.0     3770.0
prod     9999.0    2014.927593   14007.604496    -28.0      42.0      57.0      77.0   200125.0